6004
6013
6015
6016
6022
6029
6041
6043
6049
6052
6057
6066
6069
6070
6084
6089
6136
6142
6155
6156
6158
6161
6166
6191
6197
6198
6206
6209
6215
6229
6236
6243
6248
6270
6278
6300
6311
6312
6313
6323
6324
6329
6353
6366
6371
6382
6390
6395
6398
6422
6423
6434
6435
6438
6443
6447
6448
6454
6456
6483
6496
6506
6511
6524
6527
6573
6580
6599
6621
6625
6642
6659
6660
6688
6701
6712
6714
6730
6739
6740
6744
6771
6800
6801
6804
6820
6825
6839
6845
6846
6862
6867
6872
6876
6889
6901
6907
6918
6929
6941
6949
6950
6957
6969
6970
6978
6987
6992
7004
7011
7016
7027
7043
7045
7078
7090
7092
7094
7103
7120
7125
7127
7137
7139
7140
7144
7148
7149
7154
7156
7162
7173
7186
7188
7190
7207
7213
7232
7239
7264
7266
7275
7277
7280
7282
7283
7295
7297
7301
7303
7310
7315
7331
7354
7356
7373
7377
7386
7387
7414
7416
7423
7424
7435
7443
7444
7449
7463
7464
7470
7472
7486
7487
7490
7497
7500
7507
7514
7530
7539
7543
7544
7545
7547
7567
7582
7594
7596
7622
7627
7638
7648
7655
7666
7679
7697
7698
7707
7721
7737
7738
7741
7764
7774
7781
7790
7803
7827
7845
7862
7886
7892
7897
7902
7911
7916
7919
7920
7929
7932
7937
7939
7957
7960
7971
7975
7977
7985
8009
8010
8014
8030
8031
8036
8043
8054
8061
8065
8068
8085
8092
8093
8100
8115
8126
8128
8130
8135
8147
8211
8212
8214
8220
8239
8250
8257
8271
8278
8282
8284
8290
8297
8299
8307
8308
8311
8320
8323
8338
8367
8377
8382
8384
8387
8396
8398
8407
8438
8446
8452
8454
8469
8474
8488
8492
8495
8506
8520
8533
8546
8547
8553
8558
8559
8578
8588
8591
8598
8601
8607
8624
8628
8644
8665
8667
8673
8675
8676
8696
8701
8708
8748
8763
8777
8782
8783
8785
8794
8806
8809
8842
8861
8864
8867
8886
8891
8902
8912
8914
8917
8923
8933
8939
8945
8946
8957
8966
8970
8972
8973
8977
8983
8999
